n = 345
Coordinates
0 45.35 5.63 d 0
1 6.01 9.52 c 0
2 3.4 6.65 c 0
3 1.08 9.38 c 0
4 5.08 10.87 c 0
5 11.36 29.36 c 0
6 14.68 33.38 c 0
7 10.45 33.92 c 0
8 12.11 24.5 c 0
9 119.62 115.02 c 0
10 116.56 113.03 c 0
11 117.7 110.16 c 0
12 119.44 117.51 c 0
13 110.52 16.83 c 0
14 114.26 18.94 c 0
15 108.37 14.35 c 0
16 114.34 12.63 c 0
17 76.7 46.7 c 0
18 73.8 44.41 c 0
19 74.43 42.57 c 0
20 78.41 41.73 c 0
21 106.09 110.26 c 0
22 101.85 107.22 c 0
23 109.66 107.87 c 0
24 109.64 112.62 c 0
25 86.45 39.31 c 0
26 82.46 36.81 c 0
27 85.43 34.88 c 0
28 88.55 33.9 c 0
29 104.87 71.17 c 0
30 107.36 68.97 c 0
31 108.07 75.71 c 0
32 100.89 68.1 c 0
33 16.02 56.64 c 0
34 16.36 54.47 c 0
35 11.69 60.53 c 0
36 17.71 59.11 c 0
37 37.36 113.1 c 0
38 32.0 113.42 c 0
39 39.96 113.6 c 0
40 36.06 108.8 c 0
41 62.43 101.98 c 0
42 66.5 97.75 c 0
43 59.07 101.62 c 0
44 59.88 102.36 c 0
45 96.75 94.61 c 0
46 95.36 95.37 c 0
47 101.06 93.99 c 0
48 99.79 97.31 c 0
49 50.13 116.26 c 0
50 52.13 110.94 c 0
51 52.04 110.67 c 0
52 47.01 115.14 c 0
53 118.4 26.32 c 0
54 113.26 26.7 c 0
55 117.59 23.52 c 0
56 118.72 26.15 c 0
57 101.61 34.82 c 0
58 101.59 37.33 c 0
59 97.4 36.47 c 0
60 97.4 32.56 c 0
61 54.5 56.49 c 0
62 54.75 56.45 c 0
63 50.41 53.0 c 0
64 49.28 54.03 c 0
65 113.68 90.62 c 0
66 117.02 94.09 c 0
67 116.24 93.2 c 0
68 116.43 86.54 c 0
69 113.84 33.77 c 0
70 112.45 30.6 c 0
71 109.02 36.14 c 0
72 116.47 36.17 c 0
73 33.03 49.01 c 0
74 29.91 50.97 c 0
75 33.16 52.77 c 0
76 32.27 54.83 c 0
77 32.37 0.02 c 0
78 33.12 2.34 c 0
79 30.18 1.67 c 0
80 38.05 1.82 c 0
81 95.69 53.69 c 0
82 93.28 52.85 c 0
83 93.29 57.72 c 0
84 97.09 52.65 c 0
85 95.01 4.9 c 0
86 98.9 4.88 c 0
87 97.18 7.13 c 0
88 98.79 6.95 c 0
89 14.97 92.62 c 0
90 20.66 94.51 c 0
91 12.95 93.9 c 0
92 13.95 90.02 c 0
93 86.28 22.47 c 0
94 86.02 28.1 c 0
95 88.17 26.47 c 0
96 90.05 20.73 c 0
97 119.72 44.78 c 0
98 119.12 45.24 c 0
99 119.25 45.16 c 0
100 115.44 42.21 c 0
101 84.12 108.88 c 0
102 83.57 110.38 c 0
103 87.74 111.04 c 0
104 88.9 105.36 c 0
105 60.29 117.76 c 0
106 60.63 112.9 c 0
107 54.65 119.34 c 0
108 58.87 114.04 c 0
109 22.19 19.12 c 0
110 27.08 17.47 c 0
111 22.86 20.49 c 0
112 18.93 19.34 c 0
113 3.07 114.57 c 0
114 10.19 118.24 c 0
115 0.86 117.91 c 0
116 7.67 117.59 c 0
117 46.92 97.26 c 0
118 48.18 102.39 c 0
119 50.76 92.77 c 0
120 45.87 96.91 c 0
121 1.44 67.82 c 0
122 2.67 65.71 c 0
123 1.94 64.95 c 0
124 1.14 70.85 c 0
125 64.24 51.31 c 0
126 62.06 49.44 c 0
127 69.6 53.35 c 0
128 69.79 53.38 c 0
129 36.65 82.22 c 0
130 37.94 88.04 c 0
131 34.46 84.56 c 0
132 40.79 84.26 c 0
133 45.55 33.42 c 0
134 48.74 38.05 c 0
135 43.49 35.93 c 0
136 49.59 31.96 c 0
137 21.68 37.76 c 0
138 24.75 34.5 c 0
139 18.62 37.04 c 0
140 16.84 35.79 c 0
141 63.57 4.06 c 0
142 68.32 6.14 c 0
143 64.88 2.09 c 0
144 60.32 4.8 c 0
145 21.52 70.38 c 0
146 24.23 72.13 c 0
147 20.52 75.92 c 0
148 20.89 74.9 c 0
149 59.01 24.17 c 0
150 57.05 26.05 c 0
151 63.18 26.59 c 0
152 64.24 25.71 c 0
153 75.82 111.08 c 0
154 80.59 112.72 c 0
155 78.25 106.75 c 0
156 70.79 108.71 c 0
157 58.23 14.96 c 0
158 59.32 11.6 c 0
159 64.22 15.22 c 0
160 53.61 17.7 c 0
161 20.47 118.31 c 0
162 20.48 116.68 c 0
163 19.49 118.29 c 0
164 23.73 115.84 c 0
165 72.31 61.11 c 0
166 73.64 58.97 c 0
167 76.99 58.6 c 0
168 75.02 55.79 c 0
169 40.16 18.44 c 0
170 37.63 20.42 c 0
171 38.78 24.04 c 0
172 40.77 24.3 c 0
173 76.15 8.52 c 0
174 75.04 10.78 c 0
175 79.13 10.67 c 0
176 81.7 9.95 c 0
177 46.16 69.9 c 0
178 46.36 71.79 c 0
179 48.41 73.67 c 0
180 48.96 73.57 c 0
181 105.06 48.86 c 0
182 110.56 48.95 c 0
183 104.49 51.78 c 0
184 99.94 50.23 c 0
185 26.67 92.09 c 0
186 22.24 95.87 c 0
187 22.59 91.33 c 0
188 28.62 93.89 c 0
189 90.1 75.28 c 0
190 94.73 76.92 c 0
191 87.26 70.57 c 0
192 94.39 72.79 c 0
193 97.86 115.99 c 0
194 96.19 111.81 c 0
195 103.12 115.01 c 0
196 96.5 119.41 c 0
197 76.04 89.98 c 0
198 72.45 88.55 c 0
199 71.31 89.73 c 0
200 73.56 86.5 c 0
201 64.69 63.79 c 0
202 59.76 61.54 c 0
203 62.8 66.21 c 0
204 61.99 66.15 c 0
205 61.3 78.24 c 0
206 64.86 76.96 c 0
207 60.2 74.83 c 0
208 58.78 81.21 c 0
209 4.39 32.35 c 0
210 4.71 33.81 c 0
211 9.01 30.31 c 0
212 3.0 35.28 c 0
213 81.36 100.29 c 0
214 85.31 97.91 c 0
215 85.86 97.65 c 0
216 82.39 105.18 c 0
217 17.8 106.05 c 0
218 16.87 107.57 c 0
219 13.79 103.35 c 0
220 14.67 106.65 c 0
221 7.56 105.0 c 0
222 4.66 100.53 c 0
223 7.37 101.38 c 0
224 6.58 106.45 c 0
225 33.77 100.2 c 0
226 31.99 104.11 c 0
227 34.46 104.58 c 0
228 36.48 97.32 c 0
229 24.83 59.21 c 0
230 24.09 59.42 c 0
231 24.16 54.98 c 0
232 25.2 63.27 c 0
233 72.46 19.37 c 0
234 74.29 24.03 c 0
235 68.57 17.15 c 0
236 73.11 24.53 c 0
237 15.96 10.77 c 0
238 18.89 13.49 c 0
239 14.44 6.46 c 0
240 11.26 12.46 c 0
241 2.0 22.93 c 0
242 0.86 28.0 c 0
243 6.9 22.59 c 0
244 0.74 26.93 c 0
245 29.67 42.74 c 0
246 25.26 43.08 c 0
247 27.98 38.68 c 0
248 34.76 42.27 c 0
249 47.3 85.39 c 0
250 46.98 86.83 c 0
251 45.54 84.72 c 0
252 50.24 83.27 c 0
253 107.04 1.84 c 0
254 104.19 2.61 c 0
255 104.96 2.52 c 0
256 111.66 1.85 c 0
257 55.09 41.57 c 0
258 59.05 41.88 c 0
259 60.13 42.99 c 0
260 56.46 42.99 c 0
261 8.7 47.67 c 0
262 7.65 46.53 c 0
263 3.76 47.12 c 0
264 5.62 43.91 c 0
265 41.73 46.99 c 0
266 44.12 41.87 c 0
267 39.86 51.47 c 0
268 40.03 49.56 c 0
269 50.24 7.73 c 0
270 50.0 12.63 c 0
271 52.92 5.18 c 0
272 49.82 10.16 c 0
273 10.94 67.71 c 0
274 7.96 63.98 c 0
275 12.4 67.05 c 0
276 9.37 62.44 c 0
277 68.13 33.57 c 0
278 64.32 36.89 c 0
279 68.83 37.51 c 0
280 73.13 34.85 c 0
281 64.3 91.48 c 0
282 65.96 95.55 c 0
283 69.22 93.34 c 0
284 60.02 89.51 c 0
285 82.23 86.52 c 0
286 81.73 85.21 c 0
287 83.76 87.54 c 0
288 81.55 89.55 c 0
289 11.0 83.5 c 0
290 12.69 81.4 c 0
291 14.43 80.69 c 0
292 12.52 78.63 c 0
293 85.12 51.65 c 0
294 81.07 50.21 c 0
295 85.54 55.16 c 0
296 81.19 54.61 c 0
297 80.22 71.91 c 0
298 75.22 73.56 c 0
299 77.62 67.39 c 0
300 82.5 68.87 c 0
301 3.42 55.33 c 0
302 7.98 55.13 c 0
303 0.58 54.63 c 0
304 4.97 51.78 c 0
305 33.55 71.31 c 0
306 31.99 73.75 c 0
307 35.79 70.08 c 0
308 29.23 71.35 c 0
309 98.01 24.39 c 0
310 93.85 22.98 c 0
311 100.57 28.74 c 0
312 94.35 22.73 c 0
313 119.77 75.71 c 0
314 116.01 77.16 c 0
315 119.49 78.77 c 0
316 115.34 75.27 c 0
317 118.9 52.71 c 0
318 118.67 57.53 c 0
319 118.44 47.01 c 0
320 115.32 55.91 c 0
321 82.04 37.54 s 1
322 18.29 102.2 s 0
323 96.78 64.12 s 0
324 102.66 40.82 s 2
325 94.99 47.11 s 0
326 44.72 110.31 s 1
327 67.34 39.55 s 1
328 43.17 119.51 s 2
329 64.47 7.52 s 2
330 109.28 84.75 s 1
331 87.13 51.43 s 2
332 40.02 33.57 s 1
333 90.84 72.4 s 0
334 57.48 92.63 s 0
335 20.41 114.33 s 0
336 53.41 55.28 s 0
337 29.06 33.69 s 2
338 83.49 72.6 s 2
339 2.77 23.9 s 2
340 24.92 43.88 s 2
341 60.23 67.02 s 2
342 108.7 73.61 s 1
343 63.15 51.04 s 1
344 3.64 78.65 s 1